<?xml version="1.0" encoding="utf-8"?><svg xmlns="http://www.w3.org/2000/svg" xmlns:xlink="http://www.w3.org/1999/xlink" width="1536" height="746" preserveAspectRatio="xMidYMid" viewBox="0 0 1536 746" style="z-index:1;margin-right:-1.6px;display:block;background-color:rgb(255, 228, 123);animation-play-state:paused" ><g transform="translate(768,373) scale(1,1) translate(-768,-373)" style="transform:matrix(1, 0, 0, 1, 0, 0);animation-play-state:paused" ><style type="text/css" style="animation-play-state:paused" >@keyframes ld-fall {
    0%    { transform: translate(0,0px) rotate3d(1,1,1,0deg); }
    16.6% { transform: translate(0,126.33333333333333px) rotate3d(1,1,1,180deg); }
    33.3% { transform: translate(0,252.66666666666666px) rotate3d(1,1,1,360deg); }
    50.0% { transform: translate(0,379px) rotate3d(1,1,1,540deg); }
    66.6% { transform: translate(0,505.3333333333333px) rotate3d(1,1,1,720deg); }
    83.3% { transform: translate(0,631.6666666666666px) rotate3d(1,1,1,900deg); }
    100%  { transform: translate(0,758px) rotate3d(1,1,1,1080deg) ; }
  }
  .ld.ld-fall {
    animation: ld-fall 4s linear infinite;
  }
  .ld.ld-fall2 {
    animation: ld-fall 4s linear infinite;
    animation-fill-mode: forwards;
  }</style>

  
<g transform="translate(0 415.97283601110956)" style="transform:matrix(1, 0, 0, 1, 0, 415.973);animation-play-state:paused" ><g transform="translate(765.6395580398821 0)" style="transform:matrix(1, 0, 0, 1, 765.64, 0);animation-play-state:paused" ><g class="ld ld-fall2" style="transform:matrix3d(0.911263, 0.332174, -0.243436, 0, -0.243436, 0.911263, 0.332174, 0, 0.332174, -0.243436, 0.911263, 0, 0, 20.9856, 0, 1);animation-play-state:paused;animation-duration:4s;animation-delay:-0.110299s" ><rect x="-5.520020183083301" y="-3.4028450999575144" width="11.040040366166602" height="6.805690199915029" fill="#a3e048" style="transform:matrix(2.34147, 0, 0, 2.34147, 0, 0);animation-play-state:paused" ></rect></g></g>
<g transform="translate(1268.9044838259765 0)" style="transform:matrix(1, 0, 0, 1, 1268.9, 0);animation-play-state:paused" ><g class="ld ld-fall2" style="transform:matrix3d(-0.332443, 0.696049, 0.636394, 0, 0.636394, -0.332443, 0.696049, 0, 0.696049, 0.636394, -0.332443, 0, 0, 629.588, 0, 1);animation-play-state:paused;animation-duration:4s;animation-delay:-3.32101s" ><rect x="-4.240306450643793" y="-3.5216451597162868" width="8.480612901287586" height="7.0432903194325736" fill="#eb7532" style="transform:matrix(2.15154, 0, 0, 2.15154, 0, 0);animation-play-state:paused" ></rect></g></g>
<g transform="translate(1019.0473434824428 0)" style="transform:matrix(1, 0, 0, 1, 1019.05, 0);animation-play-state:paused" ><g class="ld ld-fall2" style="transform:matrix3d(-0.285268, 0.427383, 0.857884, 0, 0.857884, -0.285268, 0.427383, 0, 0.427383, 0.857884, -0.285268, 0, 0, 141.697, 0, 1);animation-play-state:paused;animation-duration:2s;animation-delay:-0.372618s" ><rect x="-3.4875454074434615" y="-3.0123347657552872" width="6.975090814886923" height="6.0246695315105745" fill="#f7d038" style="transform:matrix(2.50205, 0, 0, 2.50205, 0, 0);animation-play-state:paused" ></rect></g></g>
<g transform="translate(107.73217742732857 0)" style="transform:matrix(1, 0, 0, 1, 107.732, 0);animation-play-state:paused" ><g class="ld ld-fall2" style="transform:matrix3d(-0.166596, 0.965249, 0.201347, 0, 0.201347, -0.166596, 0.965249, 0, 0.965249, 0.201347, -0.166596, 0, 0, 602.597, 0, 1);animation-play-state:paused;animation-duration:4s;animation-delay:-3.17829s" ><rect x="-4.422335389124696" y="-4.832977994471116" width="8.844670778249393" height="9.665955988942232" fill="#a3e048" style="transform:matrix(1.57211, 0, 0, 1.57211, 0, 0);animation-play-state:paused" ></rect></g></g>
<g transform="translate(48.36249007492779 0)" style="transform:matrix(1, 0, 0, 1, 48.3625, 0);animation-play-state:paused" ><g class="ld ld-fall2" style="transform:matrix3d(-0.321216, 0.770185, 0.551032, 0, 0.551032, -0.321216, 0.770185, 0, 0.770185, 0.551032, -0.321216, 0, 0, 371.321, 0, 1);animation-play-state:paused;animation-duration:2s;animation-delay:-0.979699s" ><rect x="-4.024648616835361" y="-5.873244761917358" width="8.049297233670721" height="11.746489523834716" fill="#34bbe6" style="transform:matrix(2.74081, 0, 0, 2.74081, 0, 0);animation-play-state:paused" ></rect></g></g>
<g transform="translate(1252.3834023951013 0)" style="transform:matrix(1, 0, 0, 1, 1252.38, 0);animation-play-state:paused" ><g class="ld ld-fall2" style="transform:matrix3d(0.874698, 0.399588, -0.274286, 0, -0.274286, 0.874698, 0.399588, 0, 0.399588, -0.274286, 0.874698, 0, 0, 530.392, 0, 1);animation-play-state:paused;animation-duration:4s;animation-delay:-2.7965s" ><rect x="-5.823114290689391" y="-3.4246049031256374" width="11.646228581378782" height="6.849209806251275" fill="#34bbe6" style="transform:matrix(2.45683, 0, 0, 2.45683, 0, 0);animation-play-state:paused" ></rect></g></g>
<g transform="translate(559.4153096187076 0)" style="transform:matrix(1, 0, 0, 1, 559.415, 0);animation-play-state:paused" ><g class="ld ld-fall2" style="transform:matrix3d(0.629101, -0.331971, 0.70287, 0, 0.70287, 0.629101, -0.331971, 0, -0.331971, 0.70287, 0.629101, 0, 0, 713.318, 0, 1);animation-play-state:paused;animation-duration:4s;animation-delay:-3.76374s" ><rect x="-5.622710499167776" y="-5.775001441461668" width="11.245420998335552" height="11.550002882923335" fill="#4355db" style="transform:matrix(3.07049, 0, 0, 3.07049, 0, 0);animation-play-state:paused" ></rect></g></g>
<g transform="translate(1482.931594766296 0)" style="transform:matrix(1, 0, 0, 1, 1482.93, 0);animation-play-state:paused" ><g class="ld ld-fall2" style="transform:matrix3d(-0.174054, 0.212525, 0.961529, 0, 0.961529, -0.174054, 0.212525, 0, 0.212525, 0.961529, -0.174054, 0, 0, 407.383, 0, 1);animation-play-state:paused;animation-duration:4s;animation-delay:-2.14918s" ><rect x="-3.784202118277102" y="-5.331916612378523" width="7.568404236554204" height="10.663833224757045" fill="#34bbe6" style="transform:matrix(3.19671, 0, 0, 3.19671, 0, 0);animation-play-state:paused" ></rect></g></g>
<g transform="translate(218.31171039707533 0)" style="transform:matrix(1, 0, 0, 1, 218.312, 0);animation-play-state:paused" ><g class="ld ld-fall2" style="transform:matrix3d(0.188088, 0.969437, -0.157525, 0, -0.157525, 0.188088, 0.969437, 0, 0.969437, -0.157525, 0.188088, 0, 0, 324.665, 0, 1);animation-play-state:paused;animation-duration:4s;animation-delay:-1.7127s" ><rect x="-3.7604251374248188" y="-3.6237020442159045" width="7.5208502748496375" height="7.247404088431809" fill="#a3e048" style="transform:matrix(3.43325, 0, 0, 3.43325, 0, 0);animation-play-state:paused" ></rect></g></g>
<g transform="translate(338.59481655393733 0)" style="transform:matrix(1, 0, 0, 1, 338.595, 0);animation-play-state:paused" ><g class="ld ld-fall2" style="transform:matrix3d(0.122664, 0.986434, -0.109098, 0, -0.109098, 0.122664, 0.986434, 0, 0.986434, -0.109098, 0.122664, 0, 0, 328.762, 0, 1);animation-play-state:paused;animation-duration:2s;animation-delay:-0.867182s" ><rect x="-3.8182493451204014" y="-3.158064522900271" width="7.636498690240803" height="6.316129045800542" fill="#e6261f" style="transform:matrix(2.71024, 0, 0, 2.71024, 0, 0);animation-play-state:paused" ></rect></g></g>
<g transform="translate(1.5553811678103102 0)" style="transform:matrix(1, 0, 0, 1, 1.55538, 0);animation-play-state:paused" ><g class="ld ld-fall2" style="transform:matrix3d(0.330825, -0.242759, 0.911934, 0, 0.911934, 0.330825, -0.242759, 0, -0.242759, 0.911934, 0.330825, 0, 0, 694.682, 0, 1);animation-play-state:paused;animation-duration:4s;animation-delay:-3.6652s" ><rect x="-3.047133965219614" y="-3.306904477719928" width="6.094267930439228" height="6.613808955439856" fill="#d23be7" style="transform:matrix(2.19345, 0, 0, 2.19345, 0, 0);animation-play-state:paused" ></rect></g></g>
<g transform="translate(877.5052229309616 0)" style="transform:matrix(1, 0, 0, 1, 877.505, 0);animation-play-state:paused" ><g class="ld ld-fall2" style="transform:matrix3d(-0.326448, 0.745985, 0.580463, 0, 0.580463, -0.326448, 0.745985, 0, 0.745985, 0.580463, -0.326448, 0, 0, 120.549, 0, 1);animation-play-state:paused;animation-duration:4s;animation-delay:-0.633598s" ><rect x="-5.981104936732886" y="-5.649731238718951" width="11.962209873465772" height="11.299462477437903" fill="#a3e048" style="transform:matrix(2.55743, 0, 0, 2.55743, 0, 0);animation-play-state:paused" ></rect></g></g>
<g transform="translate(294.07789483362774 0)" style="transform:matrix(1, 0, 0, 1, 294.078, 0);animation-play-state:paused" ><g class="ld ld-fall2" style="transform:matrix3d(-0.328995, 0.598741, 0.730254, 0, 0.730254, -0.328995, 0.598741, 0, 0.598741, 0.730254, -0.328995, 0, 0, 636.257, 0, 1);animation-play-state:paused;animation-duration:4s;animation-delay:-3.35627s" ><rect x="-5.899522918155643" y="-4.366879355354296" width="11.799045836311286" height="8.733758710708592" fill="#a3e048" style="transform:matrix(2.12016, 0, 0, 2.12016, 0, 0);animation-play-state:paused" ></rect></g></g>
<g transform="translate(1247.566666718463 0)" style="transform:matrix(1, 0, 0, 1, 1247.57, 0);animation-play-state:paused" ><g class="ld ld-fall2" style="transform:matrix3d(0.173469, 0.973771, -0.147239, 0, -0.147239, 0.173469, 0.973771, 0, 0.973771, -0.147239, 0.173469, 0, 0, 578.238, 0, 1);animation-play-state:paused;animation-duration:4s;animation-delay:-3.04949s" ><rect x="-3.6681302244386123" y="-5.82905424693233" width="7.3362604488772245" height="11.65810849386466" fill="#e6261f" style="transform:matrix(2.2102, 0, 0, 2.2102, 0, 0);animation-play-state:paused" ></rect></g></g>
<g transform="translate(307.9526364799657 0)" style="transform:matrix(1, 0, 0, 1, 307.953, 0);animation-play-state:paused" ><g class="ld ld-fall2" style="transform:matrix3d(0.278009, -0.214363, 0.936354, 0, 0.936354, 0.278009, -0.214363, 0, -0.214363, 0.936354, 0.278009, 0, 0, 438.826, 0, 1);animation-play-state:paused;animation-duration:2s;animation-delay:-1.15722s" ><rect x="-3.421607895954435" y="-5.364316051928601" width="6.84321579190887" height="10.728632103857201" fill="#eb7532" style="transform:matrix(2.09271, 0, 0, 2.09271, 0, 0);animation-play-state:paused" ></rect></g></g>
<g transform="translate(910.1127676225339 0)" style="transform:matrix(1, 0, 0, 1, 910.113, 0);animation-play-state:paused" ><g class="ld ld-fall2" style="transform:matrix3d(-0.08679, 0.991676, 0.0951143, 0, 0.0951143, -0.08679, 0.991676, 0, 0.991676, 0.0951143, -0.08679, 0, 0, 595.917, 0, 1);animation-play-state:paused;animation-duration:4s;animation-delay:-3.14297s" ><rect x="-3.692773325700822" y="-3.5135015948513058" width="7.385546651401644" height="7.0270031897026115" fill="#e6261f" style="transform:matrix(1.84976, 0, 0, 1.84976, 0, 0);animation-play-state:paused" ></rect></g></g>
<g transform="translate(1507.2803046143863 0)" style="transform:matrix(1, 0, 0, 1, 1507.28, 0);animation-play-state:paused" ><g class="ld ld-fall2" style="transform:matrix3d(0.393731, -0.271841, 0.878111, 0, 0.878111, 0.393731, -0.271841, 0, -0.271841, 0.878111, 0.393731, 0, 0, 193.148, 0, 1);animation-play-state:paused;animation-duration:4s;animation-delay:-1.01729s" ><rect x="-5.6293809454918" y="-5.536115084327513" width="11.2587618909836" height="11.072230168655025" fill="#f7d038" style="transform:matrix(3.0762, 0, 0, 3.0762, 0, 0);animation-play-state:paused" ></rect></g></g>
<g transform="translate(33.271577831067475 0)" style="transform:matrix(1, 0, 0, 1, 33.2716, 0);animation-play-state:paused" ><g class="ld ld-fall2" style="transform:matrix3d(-0.226814, 0.926472, 0.300342, 0, 0.300342, -0.226814, 0.926472, 0, 0.926472, 0.300342, -0.226814, 0, 0, 608.62, 0, 1);animation-play-state:paused;animation-duration:2s;animation-delay:-1.60507s" ><rect x="-4.704819556137485" y="-5.246534646403894" width="9.40963911227497" height="10.493069292807789" fill="#e6261f" style="transform:matrix(2.96872, 0, 0, 2.96872, 0, 0);animation-play-state:paused" ></rect></g></g>
<g transform="translate(956.080863244213 0)" style="transform:matrix(1, 0, 0, 1, 956.081, 0);animation-play-state:paused" ><g class="ld ld-fall2" style="transform:matrix3d(0.91964, 0.314984, -0.234623, 0, -0.234623, 0.91964, 0.314984, 0, 0.314984, -0.234623, 0.91964, 0, 0, 525.282, 0, 1);animation-play-state:paused;animation-duration:4s;animation-delay:-2.76948s" ><rect x="-5.465769888897682" y="-5.2242868929127315" width="10.931539777795363" height="10.448573785825463" fill="#e6261f" style="transform:matrix(2.90635, 0, 0, 2.90635, 0, 0);animation-play-state:paused" ></rect></g></g>
<g transform="translate(320.5485601761434 0)" style="transform:matrix(1, 0, 0, 1, 320.549, 0);animation-play-state:paused" ><g class="ld ld-fall2" style="transform:matrix3d(0.617583, -0.331032, 0.713449, 0, 0.713449, 0.617583, -0.331032, 0, -0.331032, 0.713449, 0.617583, 0, 0, 207.213, 0, 1);animation-play-state:paused;animation-duration:2s;animation-delay:-0.54583s" ><rect x="-3.0674211647650584" y="-5.877679384973902" width="6.134842329530117" height="11.755358769947804" fill="#a3e048" style="transform:matrix(1.83446, 0, 0, 1.83446, 0, 0);animation-play-state:paused" ></rect></g></g>
<g transform="translate(190.37142206221245 0)" style="transform:matrix(1, 0, 0, 1, 190.371, 0);animation-play-state:paused" ><g class="ld ld-fall2" style="transform:matrix3d(-0.105104, 0.987481, 0.117623, 0, 0.117623, -0.105104, 0.987481, 0, 0.987481, 0.117623, -0.105104, 0, 0, 92.0277, 0, 1);animation-play-state:paused;animation-duration:2s;animation-delay:-0.241846s" ><rect x="-5.175265150967526" y="-4.690892891636395" width="10.350530301935052" height="9.38178578327279" fill="#34bbe6" style="transform:matrix(2.96319, 0, 0, 2.96319, 0, 0);animation-play-state:paused" ></rect></g></g>
<g transform="translate(1456.7536655590695 0)" style="transform:matrix(1, 0, 0, 1, 1456.75, 0);animation-play-state:paused" ><g class="ld ld-fall2" style="transform:matrix3d(-0.116856, 0.132599, 0.984257, 0, 0.984257, -0.116856, 0.132599, 0, 0.132599, 0.984257, -0.116856, 0, 0, 412.355, 0, 1);animation-play-state:paused;animation-duration:4s;animation-delay:-2.17531s" ><rect x="-5.189325568343653" y="-3.2598267917591772" width="10.378651136687306" height="6.5196535835183544" fill="#e6261f" style="transform:matrix(3.42476, 0, 0, 3.42476, 0, 0);animation-play-state:paused" ></rect></g></g>
<g transform="translate(647.685745505077 0)" style="transform:matrix(1, 0, 0, 1, 647.686, 0);animation-play-state:paused" ><g class="ld ld-fall2" style="transform:matrix3d(0.992418, -0.0830382, 0.0906207, 0, 0.0906207, 0.992418, -0.0830382, 0, -0.0830382, 0.0906207, 0.992418, 0, 0, 751.929, 0, 1);animation-play-state:paused;animation-duration:2s;animation-delay:-1.98395s" ><rect x="-3.921435721833623" y="-4.270926577680874" width="7.842871443667246" height="8.541853155361748" fill="#4355db" style="transform:matrix(2.20691, 0, 0, 2.20691, 0, 0);animation-play-state:paused" ></rect></g></g>
<g transform="translate(656.0253774179259 0)" style="transform:matrix(1, 0, 0, 1, 656.025, 0);animation-play-state:paused" ><g class="ld ld-fall2" style="transform:matrix3d(0.78355, 0.534032, -0.317582, 0, -0.317582, 0.78355, 0.534032, 0, 0.534032, -0.317582, 0.78355, 0, 0, 33.3524, 0, 1);animation-play-state:paused;animation-duration:2s;animation-delay:-0.0876491s" ><rect x="-4.721182529727978" y="-5.958599572991784" width="9.442365059455955" height="11.917199145983568" fill="#a3e048" style="transform:matrix(2.53547, 0, 0, 2.53547, 0, 0);animation-play-state:paused" ></rect></g></g>
<g transform="translate(652.379528916773 0)" style="transform:matrix(1, 0, 0, 1, 652.38, 0);animation-play-state:paused" ><g class="ld ld-fall2" style="transform:matrix3d(-0.157474, 0.96946, 0.188014, 0, 0.188014, -0.157474, 0.96946, 0, 0.96946, 0.188014, -0.157474, 0, 0, 96.4412, 0, 1);animation-play-state:paused;animation-duration:4s;animation-delay:-0.506889s" ><rect x="-5.227305879990058" y="-4.535250777833042" width="10.454611759980116" height="9.070501555666084" fill="#e6261f" style="transform:matrix(2.57201, 0, 0, 2.57201, 0, 0);animation-play-state:paused" ></rect></g></g></g>

  
<g transform="translate(0 -342.02716398889044)" style="transform:matrix(1, 0, 0, 1, 0, -342.027);animation-play-state:paused" ><g transform="translate(765.6395580398821 0)" style="transform:matrix(1, 0, 0, 1, 765.64, 0);animation-play-state:paused" ><g class="ld ld-fall" style="transform:matrix3d(0.911263, 0.332174, -0.243436, 0, -0.243436, 0.911263, 0.332174, 0, 0.332174, -0.243436, 0.911263, 0, 0, 20.9856, 0, 1);animation-play-state:paused;animation-duration:4s;animation-delay:-0.110299s" ><rect x="-5.520020183083301" y="-3.4028450999575144" width="11.040040366166602" height="6.805690199915029" fill="#a3e048" style="transform:matrix(2.34147, 0, 0, 2.34147, 0, 0);animation-play-state:paused" ></rect></g></g>
<g transform="translate(1268.9044838259765 0)" style="transform:matrix(1, 0, 0, 1, 1268.9, 0);animation-play-state:paused" ><g class="ld ld-fall" style="transform:matrix3d(-0.332443, 0.696049, 0.636394, 0, 0.636394, -0.332443, 0.696049, 0, 0.696049, 0.636394, -0.332443, 0, 0, 629.588, 0, 1);animation-play-state:paused;animation-duration:4s;animation-delay:-3.32101s" ><rect x="-4.240306450643793" y="-3.5216451597162868" width="8.480612901287586" height="7.0432903194325736" fill="#eb7532" style="transform:matrix(2.15154, 0, 0, 2.15154, 0, 0);animation-play-state:paused" ></rect></g></g>
<g transform="translate(1019.0473434824428 0)" style="transform:matrix(1, 0, 0, 1, 1019.05, 0);animation-play-state:paused" ><g class="ld ld-fall" style="transform:matrix3d(-0.285268, 0.427383, 0.857884, 0, 0.857884, -0.285268, 0.427383, 0, 0.427383, 0.857884, -0.285268, 0, 0, 141.697, 0, 1);animation-play-state:paused;animation-duration:2s;animation-delay:-0.372618s" ><rect x="-3.4875454074434615" y="-3.0123347657552872" width="6.975090814886923" height="6.0246695315105745" fill="#f7d038" style="transform:matrix(2.50205, 0, 0, 2.50205, 0, 0);animation-play-state:paused" ></rect></g></g>
<g transform="translate(107.73217742732857 0)" style="transform:matrix(1, 0, 0, 1, 107.732, 0);animation-play-state:paused" ><g class="ld ld-fall" style="transform:matrix3d(-0.166596, 0.965249, 0.201347, 0, 0.201347, -0.166596, 0.965249, 0, 0.965249, 0.201347, -0.166596, 0, 0, 602.597, 0, 1);animation-play-state:paused;animation-duration:4s;animation-delay:-3.17829s" ><rect x="-4.422335389124696" y="-4.832977994471116" width="8.844670778249393" height="9.665955988942232" fill="#a3e048" style="transform:matrix(1.57211, 0, 0, 1.57211, 0, 0);animation-play-state:paused" ></rect></g></g>
<g transform="translate(48.36249007492779 0)" style="transform:matrix(1, 0, 0, 1, 48.3625, 0);animation-play-state:paused" ><g class="ld ld-fall" style="transform:matrix3d(-0.321216, 0.770185, 0.551032, 0, 0.551032, -0.321216, 0.770185, 0, 0.770185, 0.551032, -0.321216, 0, 0, 371.321, 0, 1);animation-play-state:paused;animation-duration:2s;animation-delay:-0.979699s" ><rect x="-4.024648616835361" y="-5.873244761917358" width="8.049297233670721" height="11.746489523834716" fill="#34bbe6" style="transform:matrix(2.74081, 0, 0, 2.74081, 0, 0);animation-play-state:paused" ></rect></g></g>
<g transform="translate(1252.3834023951013 0)" style="transform:matrix(1, 0, 0, 1, 1252.38, 0);animation-play-state:paused" ><g class="ld ld-fall" style="transform:matrix3d(0.874698, 0.399588, -0.274286, 0, -0.274286, 0.874698, 0.399588, 0, 0.399588, -0.274286, 0.874698, 0, 0, 530.392, 0, 1);animation-play-state:paused;animation-duration:4s;animation-delay:-2.7965s" ><rect x="-5.823114290689391" y="-3.4246049031256374" width="11.646228581378782" height="6.849209806251275" fill="#34bbe6" style="transform:matrix(2.45683, 0, 0, 2.45683, 0, 0);animation-play-state:paused" ></rect></g></g>
<g transform="translate(559.4153096187076 0)" style="transform:matrix(1, 0, 0, 1, 559.415, 0);animation-play-state:paused" ><g class="ld ld-fall" style="transform:matrix3d(0.629101, -0.331971, 0.70287, 0, 0.70287, 0.629101, -0.331971, 0, -0.331971, 0.70287, 0.629101, 0, 0, 713.318, 0, 1);animation-play-state:paused;animation-duration:4s;animation-delay:-3.76374s" ><rect x="-5.622710499167776" y="-5.775001441461668" width="11.245420998335552" height="11.550002882923335" fill="#4355db" style="transform:matrix(3.07049, 0, 0, 3.07049, 0, 0);animation-play-state:paused" ></rect></g></g>
<g transform="translate(1482.931594766296 0)" style="transform:matrix(1, 0, 0, 1, 1482.93, 0);animation-play-state:paused" ><g class="ld ld-fall" style="transform:matrix3d(-0.174054, 0.212525, 0.961529, 0, 0.961529, -0.174054, 0.212525, 0, 0.212525, 0.961529, -0.174054, 0, 0, 407.383, 0, 1);animation-play-state:paused;animation-duration:4s;animation-delay:-2.14918s" ><rect x="-3.784202118277102" y="-5.331916612378523" width="7.568404236554204" height="10.663833224757045" fill="#34bbe6" style="transform:matrix(3.19671, 0, 0, 3.19671, 0, 0);animation-play-state:paused" ></rect></g></g>
<g transform="translate(218.31171039707533 0)" style="transform:matrix(1, 0, 0, 1, 218.312, 0);animation-play-state:paused" ><g class="ld ld-fall" style="transform:matrix3d(0.188088, 0.969437, -0.157525, 0, -0.157525, 0.188088, 0.969437, 0, 0.969437, -0.157525, 0.188088, 0, 0, 324.665, 0, 1);animation-play-state:paused;animation-duration:4s;animation-delay:-1.7127s" ><rect x="-3.7604251374248188" y="-3.6237020442159045" width="7.5208502748496375" height="7.247404088431809" fill="#a3e048" style="transform:matrix(3.43325, 0, 0, 3.43325, 0, 0);animation-play-state:paused" ></rect></g></g>
<g transform="translate(338.59481655393733 0)" style="transform:matrix(1, 0, 0, 1, 338.595, 0);animation-play-state:paused" ><g class="ld ld-fall" style="transform:matrix3d(0.122664, 0.986434, -0.109098, 0, -0.109098, 0.122664, 0.986434, 0, 0.986434, -0.109098, 0.122664, 0, 0, 328.762, 0, 1);animation-play-state:paused;animation-duration:2s;animation-delay:-0.867182s" ><rect x="-3.8182493451204014" y="-3.158064522900271" width="7.636498690240803" height="6.316129045800542" fill="#e6261f" style="transform:matrix(2.71024, 0, 0, 2.71024, 0, 0);animation-play-state:paused" ></rect></g></g>
<g transform="translate(1.5553811678103102 0)" style="transform:matrix(1, 0, 0, 1, 1.55538, 0);animation-play-state:paused" ><g class="ld ld-fall" style="transform:matrix3d(0.330825, -0.242759, 0.911934, 0, 0.911934, 0.330825, -0.242759, 0, -0.242759, 0.911934, 0.330825, 0, 0, 694.682, 0, 1);animation-play-state:paused;animation-duration:4s;animation-delay:-3.6652s" ><rect x="-3.047133965219614" y="-3.306904477719928" width="6.094267930439228" height="6.613808955439856" fill="#d23be7" style="transform:matrix(2.19345, 0, 0, 2.19345, 0, 0);animation-play-state:paused" ></rect></g></g>
<g transform="translate(877.5052229309616 0)" style="transform:matrix(1, 0, 0, 1, 877.505, 0);animation-play-state:paused" ><g class="ld ld-fall" style="transform:matrix3d(-0.326448, 0.745985, 0.580463, 0, 0.580463, -0.326448, 0.745985, 0, 0.745985, 0.580463, -0.326448, 0, 0, 120.549, 0, 1);animation-play-state:paused;animation-duration:4s;animation-delay:-0.633598s" ><rect x="-5.981104936732886" y="-5.649731238718951" width="11.962209873465772" height="11.299462477437903" fill="#a3e048" style="transform:matrix(2.55743, 0, 0, 2.55743, 0, 0);animation-play-state:paused" ></rect></g></g>
<g transform="translate(294.07789483362774 0)" style="transform:matrix(1, 0, 0, 1, 294.078, 0);animation-play-state:paused" ><g class="ld ld-fall" style="transform:matrix3d(-0.328995, 0.598741, 0.730254, 0, 0.730254, -0.328995, 0.598741, 0, 0.598741, 0.730254, -0.328995, 0, 0, 636.257, 0, 1);animation-play-state:paused;animation-duration:4s;animation-delay:-3.35627s" ><rect x="-5.899522918155643" y="-4.366879355354296" width="11.799045836311286" height="8.733758710708592" fill="#a3e048" style="transform:matrix(2.12016, 0, 0, 2.12016, 0, 0);animation-play-state:paused" ></rect></g></g>
<g transform="translate(1247.566666718463 0)" style="transform:matrix(1, 0, 0, 1, 1247.57, 0);animation-play-state:paused" ><g class="ld ld-fall" style="transform:matrix3d(0.173469, 0.973771, -0.147239, 0, -0.147239, 0.173469, 0.973771, 0, 0.973771, -0.147239, 0.173469, 0, 0, 578.238, 0, 1);animation-play-state:paused;animation-duration:4s;animation-delay:-3.04949s" ><rect x="-3.6681302244386123" y="-5.82905424693233" width="7.3362604488772245" height="11.65810849386466" fill="#e6261f" style="transform:matrix(2.2102, 0, 0, 2.2102, 0, 0);animation-play-state:paused" ></rect></g></g>
<g transform="translate(307.9526364799657 0)" style="transform:matrix(1, 0, 0, 1, 307.953, 0);animation-play-state:paused" ><g class="ld ld-fall" style="transform:matrix3d(0.278009, -0.214363, 0.936354, 0, 0.936354, 0.278009, -0.214363, 0, -0.214363, 0.936354, 0.278009, 0, 0, 438.826, 0, 1);animation-play-state:paused;animation-duration:2s;animation-delay:-1.15722s" ><rect x="-3.421607895954435" y="-5.364316051928601" width="6.84321579190887" height="10.728632103857201" fill="#eb7532" style="transform:matrix(2.09271, 0, 0, 2.09271, 0, 0);animation-play-state:paused" ></rect></g></g>
<g transform="translate(910.1127676225339 0)" style="transform:matrix(1, 0, 0, 1, 910.113, 0);animation-play-state:paused" ><g class="ld ld-fall" style="transform:matrix3d(-0.08679, 0.991676, 0.0951143, 0, 0.0951143, -0.08679, 0.991676, 0, 0.991676, 0.0951143, -0.08679, 0, 0, 595.917, 0, 1);animation-play-state:paused;animation-duration:4s;animation-delay:-3.14297s" ><rect x="-3.692773325700822" y="-3.5135015948513058" width="7.385546651401644" height="7.0270031897026115" fill="#e6261f" style="transform:matrix(1.84976, 0, 0, 1.84976, 0, 0);animation-play-state:paused" ></rect></g></g>
<g transform="translate(1507.2803046143863 0)" style="transform:matrix(1, 0, 0, 1, 1507.28, 0);animation-play-state:paused" ><g class="ld ld-fall" style="transform:matrix3d(0.393731, -0.271841, 0.878111, 0, 0.878111, 0.393731, -0.271841, 0, -0.271841, 0.878111, 0.393731, 0, 0, 193.148, 0, 1);animation-play-state:paused;animation-duration:4s;animation-delay:-1.01729s" ><rect x="-5.6293809454918" y="-5.536115084327513" width="11.2587618909836" height="11.072230168655025" fill="#f7d038" style="transform:matrix(3.0762, 0, 0, 3.0762, 0, 0);animation-play-state:paused" ></rect></g></g>
<g transform="translate(33.271577831067475 0)" style="transform:matrix(1, 0, 0, 1, 33.2716, 0);animation-play-state:paused" ><g class="ld ld-fall" style="transform:matrix3d(-0.226814, 0.926472, 0.300342, 0, 0.300342, -0.226814, 0.926472, 0, 0.926472, 0.300342, -0.226814, 0, 0, 608.62, 0, 1);animation-play-state:paused;animation-duration:2s;animation-delay:-1.60507s" ><rect x="-4.704819556137485" y="-5.246534646403894" width="9.40963911227497" height="10.493069292807789" fill="#e6261f" style="transform:matrix(2.96872, 0, 0, 2.96872, 0, 0);animation-play-state:paused" ></rect></g></g>
<g transform="translate(956.080863244213 0)" style="transform:matrix(1, 0, 0, 1, 956.081, 0);animation-play-state:paused" ><g class="ld ld-fall" style="transform:matrix3d(0.91964, 0.314984, -0.234623, 0, -0.234623, 0.91964, 0.314984, 0, 0.314984, -0.234623, 0.91964, 0, 0, 525.282, 0, 1);animation-play-state:paused;animation-duration:4s;animation-delay:-2.76948s" ><rect x="-5.465769888897682" y="-5.2242868929127315" width="10.931539777795363" height="10.448573785825463" fill="#e6261f" style="transform:matrix(2.90635, 0, 0, 2.90635, 0, 0);animation-play-state:paused" ></rect></g></g>
<g transform="translate(320.5485601761434 0)" style="transform:matrix(1, 0, 0, 1, 320.549, 0);animation-play-state:paused" ><g class="ld ld-fall" style="transform:matrix3d(0.617583, -0.331032, 0.713449, 0, 0.713449, 0.617583, -0.331032, 0, -0.331032, 0.713449, 0.617583, 0, 0, 207.213, 0, 1);animation-play-state:paused;animation-duration:2s;animation-delay:-0.54583s" ><rect x="-3.0674211647650584" y="-5.877679384973902" width="6.134842329530117" height="11.755358769947804" fill="#a3e048" style="transform:matrix(1.83446, 0, 0, 1.83446, 0, 0);animation-play-state:paused" ></rect></g></g>
<g transform="translate(190.37142206221245 0)" style="transform:matrix(1, 0, 0, 1, 190.371, 0);animation-play-state:paused" ><g class="ld ld-fall" style="transform:matrix3d(-0.105104, 0.987481, 0.117623, 0, 0.117623, -0.105104, 0.987481, 0, 0.987481, 0.117623, -0.105104, 0, 0, 92.0277, 0, 1);animation-play-state:paused;animation-duration:2s;animation-delay:-0.241846s" ><rect x="-5.175265150967526" y="-4.690892891636395" width="10.350530301935052" height="9.38178578327279" fill="#34bbe6" style="transform:matrix(2.96319, 0, 0, 2.96319, 0, 0);animation-play-state:paused" ></rect></g></g>
<g transform="translate(1456.7536655590695 0)" style="transform:matrix(1, 0, 0, 1, 1456.75, 0);animation-play-state:paused" ><g class="ld ld-fall" style="transform:matrix3d(-0.116856, 0.132599, 0.984257, 0, 0.984257, -0.116856, 0.132599, 0, 0.132599, 0.984257, -0.116856, 0, 0, 412.355, 0, 1);animation-play-state:paused;animation-duration:4s;animation-delay:-2.17531s" ><rect x="-5.189325568343653" y="-3.2598267917591772" width="10.378651136687306" height="6.5196535835183544" fill="#e6261f" style="transform:matrix(3.42476, 0, 0, 3.42476, 0, 0);animation-play-state:paused" ></rect></g></g>
<g transform="translate(647.685745505077 0)" style="transform:matrix(1, 0, 0, 1, 647.686, 0);animation-play-state:paused" ><g class="ld ld-fall" style="transform:matrix3d(0.992418, -0.0830382, 0.0906207, 0, 0.0906207, 0.992418, -0.0830382, 0, -0.0830382, 0.0906207, 0.992418, 0, 0, 751.929, 0, 1);animation-play-state:paused;animation-duration:2s;animation-delay:-1.98395s" ><rect x="-3.921435721833623" y="-4.270926577680874" width="7.842871443667246" height="8.541853155361748" fill="#4355db" style="transform:matrix(2.20691, 0, 0, 2.20691, 0, 0);animation-play-state:paused" ></rect></g></g>
<g transform="translate(656.0253774179259 0)" style="transform:matrix(1, 0, 0, 1, 656.025, 0);animation-play-state:paused" ><g class="ld ld-fall" style="transform:matrix3d(0.78355, 0.534032, -0.317582, 0, -0.317582, 0.78355, 0.534032, 0, 0.534032, -0.317582, 0.78355, 0, 0, 33.3524, 0, 1);animation-play-state:paused;animation-duration:2s;animation-delay:-0.0876491s" ><rect x="-4.721182529727978" y="-5.958599572991784" width="9.442365059455955" height="11.917199145983568" fill="#a3e048" style="transform:matrix(2.53547, 0, 0, 2.53547, 0, 0);animation-play-state:paused" ></rect></g></g>
<g transform="translate(652.379528916773 0)" style="transform:matrix(1, 0, 0, 1, 652.38, 0);animation-play-state:paused" ><g class="ld ld-fall" style="transform:matrix3d(-0.157474, 0.96946, 0.188014, 0, 0.188014, -0.157474, 0.96946, 0, 0.96946, 0.188014, -0.157474, 0, 0, 96.4412, 0, 1);animation-play-state:paused;animation-duration:4s;animation-delay:-0.506889s" ><rect x="-5.227305879990058" y="-4.535250777833042" width="10.454611759980116" height="9.070501555666084" fill="#e6261f" style="transform:matrix(2.57201, 0, 0, 2.57201, 0, 0);animation-play-state:paused" ></rect></g></g></g></g></svg>